[690]
[767]
[52]
[959]
[720]
[427]
[590]
[509]
[874]
[905]
[363]
[441]
[987]
[902]
[565]
[101]
[787]
[210]
[478]
[136]
[579]
[355]
[237]
[701]
[100]
[962]
[604]
[460]
[985]
[252]
[816]
[759]
[636]
[118]
[345]
[26]
[404]
[934]
[725]
[821]
[429]
[190]
[39]
[248]
[419]
[243]
[341]
[326]
[653]
[845]
[840]
[385]
[92]
[577]
[909]
[574]
[598]
[898]
[755]
[116]
[328]
[515]
[516]
[664]
[92]
[389]
[573]
[388]
[960]
[477]
[166]
[405]
[420]
[204]
[236]
[785]
[468]
[453]
[852]
[164]
[560]
[430]
[714]
[59]
[395]
[273]
[876]
[840]
[126]
[624]
[517]
[736]
[320]
[517]
[862]
[981]
[142]
[846]
[734]
[59]
[644]
[223]
[165]
[974]
[150]
[524]
[977]
[439]
[710]
[251]
[255]
[825]
[570]
[636]
[651]
[34]
[106]
[524]
[434]
[557]
[559]
[647]
[615]
[400]
[570]
[587]
[930]
[227]
[620]
[376]
[20]
[316]
[241]
[446]
[676]
[745]
[11]
[300]
[842]
[106]
[955]
[802]
[14]
[209]
[516]
[326]
[179]
[175]
[943]
[545]
[537]
[804]
[78]
[174]
[985]
[574]
[718]
[466]
[464]
[293]
[154]
[357]
[582]
[350]
[359]
[194]
[13]
[394]
[109]
[196]
[620]
[788]
[991]
[626]
[942]
[366]
[733]
[445]
[546]
[392]
[810]
[390]
[432]
[563]
[511]
[889]
[569]
[200]
[788]
[693]
[963]
[453]
[270]
[813]
[630]
[913]
[633]
[715]
[576]
[65]
[704]
[661]
[145]
[374]
[875]
[978]
[559]
[309]
[615]
[241]
[728]
[102]
[199]
[385]
[625]
[301]
[258]
[447]
[481]
[140]
[283]
[201]
[699]
[528]
[149]
[257]
[469]
[17]
[423]
[927]
[654]
[916]
[1000]
[608]
[177]
[790]
[53]
[705]
[789]
[71]
[166]
[91]
[834]
[985]
[527]
[207]
[507]
[268]
[822]
[781]
[91]
[910]
[134]
[434]
[655]
[864]
[158]
[542]
[623]
[126]
[292]
[702]
[94]
[975]
[947]
[413]
[610]
[988]
[177]
[467]
[35]
[347]
[82]
[247]
[340]
[525]
[749]
[140]
[923]
[492]
[423]
[596]
[551]
[949]
[549]
[859]
[430]
[719]
[98]
[184]
[249]
[541]
[593]
[118]
[528]
[534]
[615]
[330]
[603]
[476]
[382]
[478]
[482]
[11]
[381]
[655]
[971]
[754]
[596]
[112]
[46]
[271]
[368]
[596]
[667]
[230]
[706]
[314]
[651]
[864]
[227]
[748]
[161]
[175]
[453]
[334]
[786]
[944]
[310]
[458]
[932]
[809]
[753]
[329]
[488]
[83]
[827]
[163]
[281]
[362]
[671]
[468]
[255]
[57]
[835]
[354]
[394]
[834]
[109]
[199]
[879]
[883]
[95]
[35]
[307]
[831]
[593]
[342]
[179]
[206]
[863]
[910]
[813]
[53]
[448]
[296]
[239]
[49]
[139]
[256]
[878]
[242]
[71]
[25]
[640]
[949]
[388]
[927]
[370]
[354]
[975]
[234]
[985]
[595]
[794]
[320]
[586]
[674]
[541]
[357]
[95]
[942]
[44]
[849]
[437]
[903]
[651]
[550]
[900]
[585]
[160]
[903]
[485]
[304]
[592]
[542]
[608]
[700]
[258]
[688]
[71]
[381]
[895]
[522]
[366]
[187]
[702]
[316]
[908]
[127]
[599]
[229]
[620]
[837]
[584]
[402]
[697]
[833]
[93]
[90]
[606]
[158]
[15]
[549]
[555]
[265]
[568]
[101]
[179]
[592]
[920]
[950]
[685]
[974]
[53]
[243]
[799]
[193]
[440]
[374]
[807]
[952]
[987]
[839]
[552]
[731]
[592]
[520]
[146]
[91]
[184]
[663]
[747]
[788]
[189]
[412]
[555]
[9]
[144]
[802]
[55]
[740]
[9]
[423]
[219]
[939]
[903]
[838]
[361]
[860]
[534]
[560]
[187]
[787]
[357]
[548]
[724]
[451]
[905]
[425]
[87]
[897]
[445]
[43]
[443]
[457]
[996]
[58]
[802]
[209]